0375501290
040
1,000
1,001
1,140,000
1,199
1,200,000
1,240
1,300
1,382,901
1,403,000
1,588,347
1,600
1,624,242
1,625,000
1,662,430
1,700,000
1,777,200
1,778,433
1,799
1,842,972
1,857,349
1,877,906
1,991,312
1,995
1-2
1-2-3
1-3
1-7
10,000
10,757
10-
10-10-10
10-12
10-14
10-15
100
100,000
100-gram
100-year-old
1000
100g
100gr
101
102
1024
102621974
102626734
102633564
102633636
102703180
102712692
102712693
102716304
103
104
1043
1045
105
106
107
1078
108
109
10fps
11,000
11,407
110
111
112
113
1136
114
115
116
117
118
119
119-124
11th
11th-century
12,000
12-12-12
12-16
12-20
120
1200
120fps
121
122
123
124
125
126
127
128
128bn
128k
129
12d436
13,936,126
130
130,000
131
132
132-page
133
134
135
136
137
138
139
139,000,000
14,000
14-18
140
140,000
141
142
143
144
145
146
147
147bn
148
149
14th
15,000
15-
15-18
15-20kg
15-inch
150
1500
1507
151
152
153
154
154-pound
155
156
157
158
159
15th
16,000
16-year-old
160
1600s
161
162
1622
1625
163
1632
164
1640s
165
165c
166
167
168
169
170
1700
171
172
173
1730
1737
174
1740
175
176
1762
1768
177
1774-1845
1775
178
1788
1789
179
17th
18-karat-gold-cased
18-page
1800s
1811
1845
186
1867
187,382
1875
1877
1898
18th
190
1900
1900s
1901
1904
1911
1914
1921
1922
1929
1930s
1933-34
1936
1938
1943
1949
1950
1950s
1953
1955
1957a
1958
1959
1960
1960s
1964
1967
1968
1969
197
1970
1970s
1971
1972
1974
1975
1976
1977
1978
1979
1980
1980s
1981
1982
1983
1984
1985
1986
1987
1988
1989
1990
1990s
1991
1992
1993
1994
1995
1996
1997
1998
1999
19th
19th-century
1bn
1million
1password
1st
2,000
2,000-calorie
2,203,000
2,204,972
2,411,201
2,493,078
2,495
2,500
2,512
2,600
2,600,000
2,680,075
2,877,000
2,889,000
2,891,000
2-3
2-4
2-cups
2-hexenal
2-inch
2-propanol
20-24
20-25
20-somethings
200
200,000
200-year-old
2000
2000s
2001
2002
2003
2004
2004-era
2005
2005-era
2006
2006-2007
2007
2008
2008-era
2008storing
2009
201
201-209
2010
2010s
2011
2012
2013
2013-10-04
2013-10-05
2014
2015
2016
202-720-5964
20250-9410
204
204-207
205
206
20bn
20mb
20nerve
20th
20th-century
21-year-old
214
218
21st
220
228
234bn
239
23rd
24,480,000
24-7
240
240fps
242
24th
250
250,000
2500
256
25m
272
274
27th
28-year
28g
29,000
2900
2g*
2nd
2next
2xsuffix
3,000
3,195
3,611
3-10
3-4
3-4ft
3-5
3-6
3-d
30,000
30-40
30-69
30-day
30-minute
300
300-plus
3000
308,000
309
30f
30m
312
314
31st
32-year-old
320
324
326-w
328
33,263,000
33-44
340
349
35,985,000
35-40
350
360
3604
37,000,000
37-year
375-milliliter
38-year-old
3856mb
38mm
390
3900
399
3bn
3ft
3g*
3gs
3rd
3rd-party
4,110,046
4,214,599
4,275,108
4,460,544
4,700
4-6
4-8
4-foot
4-inch-screen-metric
40+
40-59
400
400-page
4000
40f
410
412
429
42mm
437-443
44,119,244
44-story
44-year-old
453
456,000
46-50
480
486
486-powered
499
4th
4years
5,000
5,133
5,200
5,400
5-8
5-by-10-foot
50+
50,000
50-60
500
500,000
5000
500g
512
512k
512x342
515
530
531bn
532
54-57
5500
56,000
57,000
578
583,000,000
589
5900
5th
5tsp
6,000
6,121
6-10
6-6-6
6-8
6-day
60,271,191
60-day
600
600,000
618-621
619
62-year-old
620
63,454,495
64-
640
65,800,145
6500
6502
6502s
652bn
6600
666
68000
68000-based
68020
68020-powered
68030
68040
68040-equipped
68050
6809e
68k
6inches
7,000
7,098
7,500
70-kg
700
700-acre
7000
702
70s
71-78
72-year-old
73-79
7500
768
774,000
799
7th
8-12
8-yosemite
80-90
80-hour
800
800,000
80486
80bn
853
86-100
890
899
8bn
9,000
9,208
9,900
9,959
9-inch
90-95
90-minute
900
908
91,000
92618
960
960x640
99-cent
992,000
999
9kgs
9th
=10
=25
=50
=75
_bigimage
_websitebutton